-70.52049727
-20.54686031
-70.57100944
-20.58266763
-20.59298634
-70.61369637
-20.62304178
-20.64211346
-70.65020966
-20.65862888
-20.66735387
-70.67517779
-20.68304741
-20.69124391
-70.69874422
-20.69866581
-20.70670215
-70.71414448
-20.72201071
-20.72926313
-70.73714607
-20.74458287
-20.75242413
-70.76795784
-20.77608604
-20.7841409
-70.80077534
-20.80913405
-20.94552227
-70.9490988
-20.95252571
-21.08092138
-71.21080776
-21.16927409
-21.00010863
-70.74510317
-20.73852288
-20.73169488
-70.72496623
-20.71813436
-20.71115027
-70.70435306
-20.69746653
-20.69061432
-70.68365257
-20.67042101
-20.65749139
-70.64461971
-20.31174024
-20.29937446
-70.27260101
-20.25848893
-20.24433607
-70.23084592
-20.21701046
-20.20472865
-70.19336201
-20.18406252
-20.17748054
-70.17396975
-20.17461924
-20.17940511
-70.1877586
-20.58894533
-20.45919222
-70.45137558
-20.35240292
-19.62819047
-69.61178099
-19.59758328
-19.57352897
-69.56369086
-19.56305456
-19.55615891
-69.55036695
-19.54634814
-19.54698337
-69.54467296
-19.54367005
-19.54324983
-69.54458346
-19.54739404
-19.55168848
-69.55711918
-19.56372867
-19.57273169
-69.58333672
-19.59420897
-19.60576803
-69.62137489
-19.63450513
-19.65186096
-69.66930016
-19.68891321
-19.70949044
-69.73102256
-19.75434093
-19.77906604
-69.77884731
-19.802351
-19.85565635
-70.52049727
-20.7676825
-20.78906931
-70.78890947
-20.80834076
-20.81764468
-70.8263716
-20.84422646
-20.85294005
-70.86155837
-20.86979338
-20.87772367
-70.89487694
-20.90263632
-20.91025924
-70.91832937
-20.92645339
-20.93494917
-70.95153906
-20.96744914
-20.98499702
-70.99356006
-20.99347181
-21.00259101
-71.0209497
-21.03024908
-21.25528092
-71.26403266
-21.27224383
-21.27993434
-71.28743991
-21.2874758
-21.29409179
-71.30081597
-21.30661718
-21.30658453
-71.31249444
-21.31760293
-21.31762349
-71.32201113
-21.32650844
-21.32653785
-71.33017968
-21.33350897
-21.33686955
-71.33947442
-21.33930051
-21.34191038
-71.34378548
-21.34538707
-21.34650392
-71.34736857
-21.34721817
-21.34762473
-71.3477762
-21.34772057
-21.34725926
-71.34648835
-21.3434536
-21.34107415
-71.34123321
-21.33840006
-21.33524249
-70.86315264
-20.83390966
-20.83429744
-70.77374795
-20.77347259
-20.74130127
-70.70819965
-20.63605455
-20.59822908
-70.55772174
-20.51957468
-20.47783827
-70.43499769
-20.38932658
-20.38987332
-70.34586874
-20.3466732
-20.29757554
-70.25240927
-20.20119818
-20.15520425
-70.10442243
-20.05372194
-19.99997638
-69.94951028
-19.89587865
-19.84447062
-69.78928489
-19.73675987
-19.73775572
-69.63050493
-19.52685629
-19.47642825
-68.39563724
-18.35339024
-18.29005031
-68.26886103
-18.2660922
-18.24307636
-68.24582456
-18.24430255
-18.24901141
-68.25774508
-18.27608427
-18.29946621
-68.32467725
-18.32716712
-18.35753865
-68.39452612
-18.44039398
-18.48307503
-68.52739027
-18.58120837
-18.64339123
-68.69890608
-18.7588363
-18.82284199
-68.89268721
-18.96127723
-19.1104888
-69.17759603
-19.25267167
-19.32681643
-69.47008576
-19.47047802
-19.54375211
-69.88165927
-20.26490167
-20.19866954
-70.15344229
-20.10864631
-20.0651337
-70.02688034
-20.00528983
-19.99998313
-69.99105651
-19.99059517
-19.99978638
-70.02658525
-20.20574097
-20.24846254
-70.29550625
-20.34340007
-20.3906815
-70.43419818
-20.4746068
-20.51082085
-70.54480599
-21.08733351
-21.0949511
-71.10094372
-21.1045873
-21.10482794
-71.10428786
-21.10113476
-21.09959056
-71.09079117
-21.07802724
-21.00231276
-70.98587592
-20.96971665
-20.95401917
-70.93922345
-20.92521996
-20.912185
-70.89979905
-20.87020086
-20.64978011
-70.7676825
-20.38433675
-20.42483809
-70.44440101
-20.46982086
-20.4888906
-70.48876737
-20.50680715
-20.5247158
-70.54244408
-20.55990665
-20.57782593
-70.5948463
-20.60616093
-20.61774655
-70.629421
-20.64079535
-20.65873156
-70.67611276
-20.68803527
-20.70028742
-70.70036079
-20.71831257
-20.73723782
-70.75649134
-20.76936444
-20.86220894
-70.86574219
-20.86931058
-20.88193237
-70.97534238
-21.00569009
-21.30381166
-71.24332237
-21.22160537
-21.2119279
-71.2000023
-21.19441482
-21.19253955
-71.19161546
-21.19059077
-21.06412683
-71.06230325
-21.06311212
-21.06567393
-71.26344469
-21.28026605
-21.3014146
-71.31634238
-21.32966207
-21.32964416
-71.34222769
-21.3544037
-21.3544266
-71.36492897
-21.37188155
-21.3808318
-71.38929797
-21.39471003
-21.39998993
-71.40654815
-21.41015569
-21.41001187
-71.41172035
-21.4147475
-21.41687258
-71.41865324
-21.41959977
-21.42002511
-71.42003194
-21.41945115
-21.418856
-71.41711696
-21.41322138
-21.4071809
-71.02219171
-20.97906972
-20.9285918
-70.85163111
-20.81681999
-20.7577007
-70.69118549
-20.6398929
-20.55996024
-70.46591344
-20.35719285
-20.28392128
-70.19787648
-20.11085425
-20.01129574
-69.85845805
-19.74298854
-19.49868965
-69.37636481
-19.24283714
-19.11326922
-68.91080202
-18.7791444
-18.65000017
-66.47605236
-16.36047525
-16.27132014
-66.22623693
-16.22201205
-16.22476425
-66.23709269
-16.24323329
-16.28265583
-66.27668515
-16.3316389
-16.4041947
-66.49448043
-16.60912567
-16.73093637
-66.87700781
-17.02286419
-17.2078288
-67.36596255
-17.53319412
-17.69773246
-67.86635818
-18.00989098
-18.15697104
-68.29822217
-18.43155499
-18.55972546
-68.68299797
-18.68270408
-18.79147717
-68.89990429
-18.99996924
-19.18236165
-69.60905778
-19.62691757
-19.63533489
-69.63301387
-19.16344629
-19.14102713
-69.11303956
-19.09239897
-19.07879343
-69.07192517
-19.07251252
-19.07221202
-69.0713376
-19.07708525
-19.08468609
-69.09484077
-19.10625298
-19.12123518
-69.1387238
-19.1565194
-19.17259893
-69.19062946
-19.21060967
-19.2300245
-69.27253003
-19.29436427
-19.31652327
-69.33816101
-19.38483294
-19.407005
-69.4551353
-19.47945071
-19.50754883
-69.53399607
-19.56150049
-19.56128446
-69.61127917
-19.65982271
-19.68370833
-70.38433675
