666.4585638
670.1282693
673.2897064
674.6683372
675.7951434
677.7320272
678.4269445
679.3758874
679.5327054
679.6340017
679.4800228
679.2478151
678.8453714
678.1888934
677.4482511
677.4144443
676.4378596
675.3074368
673.9937782
672.6077535
670.8572217
669.0683917
667.0167464
662.5127691
659.8853271
657.1424187
651.0801276
647.857473
596.3669881
595.8390055
596.4874804
664.6988741
626.4708014
606.3599995
508.5558643
593.3755058
595.5720636
597.5416723
598.9847363
600.2366666
601.1796123
601.7138286
602.0065177
602.0408883
601.7662688
600.7066165
599.1258193
597.1060698
558.7629627
557.6964627
555.0764647
553.4918062
551.7032656
549.7991924
547.6505432
545.3441829
542.8211492
540.0638271
537.1299628
533.8485562
530.5206877
527.2203792
524.1671427
412.6773472
401.1341795
399.9486825
374.4337941
546.5394485
550.9307754
555.0878473
563.1579578
567.0688844
567.0416206
570.5366037
574.0776485
577.1779121
577.2049749
580.5059544
583.4759173
583.457901
586.1418238
588.9420839
591.3453863
593.7502403
595.8250468
597.9881396
600.1821702
602.0118239
603.5491043
605.4539002
606.8131513
608.3812171
609.7720041
611.1014365
612.3899692
613.5648279
614.7096995
615.7874406
615.8523107
616.7261301
618.5220772
666.4585638
469.9471549
473.5495038
473.5967826
476.4956773
477.8059059
478.9213802
480.8520729
481.518268
482.138738
482.6488177
482.9984901
483.2111612
483.1491009
482.9484627
482.5610193
482.0151475
481.3687516
479.6351487
477.4749902
474.4719557
472.9028701
472.8421753
470.9800232
466.9748563
464.8221097
419.5262491
418.124137
416.690159
415.2400534
413.7260791
413.795412
412.3003905
410.6984414
409.2292609
409.159546
407.4566306
405.8128327
405.859446
404.2344003
402.3447062
402.4147839
400.6956929
398.8948454
396.7358637
394.8969127
394.8398324
392.5696181
390.4420582
388.2203843
385.897133
383.6935321
383.7060666
380.9602333
380.9477338
378.482537
375.5176304
372.868045
366.6466166
363.2778412
363.2647802
359.9811674
356.6029349
192.703763
189.8367647
189.7912769
185.0205825
185.0524863
183.0968822
181.4345989
178.8427357
177.9410892
177.2786389
176.9308883
176.8211978
176.9774511
177.3486988
177.290726
177.8516281
177.8924526
178.8302005
179.8481078
181.2046961
182.6108789
184.3707431
186.3752247
188.6557071
191.0044297
193.7188555
196.4988463
199.7280638
202.9078296
202.9275158
210.3874753
218.5845834
222.9727041
329.1406321
333.8600826
342.7006034
346.9405025
346.9234055
354.3910631
354.4080452
358.0800612
361.3985315
364.2771022
367.1954228
370.1025929
372.3401174
372.3575128
374.6142805
376.7817232
379.0070421
380.6584258
382.2176934
383.7840952
385.3626727
386.5667665
387.75594
388.8888025
389.877303
390.7944728
392.4081029
393.0121822
393.5672508
394.0870888
394.981457
394.9148963
395.320902
399.3087943
324.9345322
322.7671382
321.2685778
319.5655033
317.3809224
314.3703897
311.5483133
310.4905339
307.0050496
305.9589427
300.9975848
295.6361884
268.0772589
263.109438
259.5534814
257.4805088
256.5730583
256.6781325
257.5205448
258.8541979
260.5429052
358.3652258
362.1278785
366.2472127
370.698475
374.2291484
375.3353712
378.6804291
379.6347391
383.4179438
386.5877805
402.3943112
405.2170872
406.5362453
406.661759
405.6529837
403.971131
401.732942
399.3009111
392.66463
450.6358235
469.9471549
731.1139255
735.4270054
737.3632383
739.5345759
740.8799173
740.9359228
741.9399254
742.6353945
742.9091895
742.8180947
742.2261475
741.1251544
740.1372632
738.8169215
737.2888372
735.4931435
732.14213
728.2362926
725.1939748
721.7708157
721.804657
716.1511601
709.5795569
702.216802
696.892744
657.8791155
657.2461839
657.8100693
662.5832661
703.2848989
720.5084119
632.0785066
598.4882435
587.8941407
583.2259037
577.4247041
574.5447986
573.2577204
572.5090846
571.3257595
488.4067495
486.6819454
484.8256595
483.6089691
443.6802264
441.1272706
437.4999061
434.6840961
431.8679988
431.8212445
428.7605728
425.3629493
425.433472
422.0108142
419.5124774
415.8742169
411.7020084
408.6768798
405.3940463
400.29269
396.9244077
396.931451
395.0282052
391.2469997
387.3695284
383.2957107
379.4270488
374.838941
372.6610394
368.1854008
365.8878648
361.0513948
353.4067414
345.2097343
170.3716966
164.6324601
159.3983096
153.7892862
151.9806833
149.6943359
148.0150868
147.2867436
146.8419034
147.2105759
148.4032731
149.6256163
151.3773863
153.4075281
156.0643792
160.5684762
164.2428315
172.8989164
177.6443186
183.1718648
188.84959
198.6359055
205.5682199
213.0372587
367.0383964
376.1494225
385.9347702
396.4439018
396.4368191
401.5283407
406.68475
406.6954061
412.0940338
412.083298
417.3933915
422.3097235
427.2726412
432.377853
436.8967538
441.6562051
445.7588334
450.4351987
454.1041995
457.5044158
460.4580367
463.1857417
465.2536357
467.1016038
468.6794858
469.9464739
470.977414
471.8544134
471.9002968
472.5186415
473.0065967
473.3970918
473.9818281
478.6295387
479.5096327
481.246259
482.7865483
588.4726604
594.6827446
603.5436458
612.1393712
620.1564841
627.5621871
627.5770643
632.5380128
632.5157008
639.088057
643.5040214
647.7919849
651.4928765
655.2257061
658.8411526
662.0531485
664.6494464
667.2433312
669.6629442
671.8308903
675.8445091
677.5769923
679.0922722
680.4864139
682.9536699
683.9421466
685.6115778
686.2800938
687.3985151
688.3597629
689.2451906
689.3113235
690.6868855
691.6567304
692.0497471
731.1139255
