35.58761124
25.17038992
1.331902511
25.19332272
35.58761124
35.58761124
25.17038992
1.331902511
25.19332272
35.58761124
35.58761124
25.17038992
1.331902511
25.19332272
35.58761124
35.58761124
25.17038992
1.331902511
25.19332272
35.58761124
35.58761124
25.17038992
1.331902511
25.19332272
35.58761124
35.58761124
25.17038992
1.331902511
25.19332272
35.58761124
35.58761124
25.17038992
1.331902511
25.19332272
35.58761124
35.58761124
25.17038992
1.331902511
25.19332272
35.58761124
35.58761124
25.17038992
1.331902511
25.19332272
35.58761124
35.58761124
25.17038992
1.331902511
25.19332272
35.58761124
35.58761124
25.17038992
1.331902511
25.19332272
35.58761124
35.58761124
25.17038992
1.331902511
25.19332272
35.58761124
35.58761124
25.17038992
1.331902511
25.19332272
35.58761124
35.58761124
25.17038992
1.331902511
25.19332272
35.58761124
35.58761124
25.17038992
1.331902511
25.19332272
35.58761124
35.58761124
25.17038992
1.331902511
25.19332272
35.58761124
35.58761124
25.17038992
1.331902511
25.19332272
35.58761124
35.58761124
25.17038992
1.331902511
25.19332272
35.58761124
35.58761124
25.17038992
1.331902511
25.19332272
35.58761124
35.58761124
25.17038992
1.331902511
25.19332272
35.58761124
35.58761124
25.17038992
1.331902511
25.19332272
35.58761124
35.58761124
25.17038992
1.331902511
25.19332272
35.58761124
35.58761124
25.17038992
1.331902511
25.19332272
35.58761124
35.58761124
25.17038992
1.331902511
25.19332272
35.58761124
35.58761124
25.17038992
1.331902511
25.19332272
35.58761124
35.58761124
25.17038992
1.331902511
25.19332272
35.58761124
35.58761124
25.17038992
1.331902511
25.19332272
35.58761124
35.58761124
25.17038992
1.331902511
25.19332272
35.58761124
35.58761124
25.17038992
1.331902511
25.19332272
35.58761124
35.58761124
25.17038992
1.331902511
25.19332272
35.58761124
