-70.52049727
-70.54686031
-70.57100944
-70.58266763
-70.59298634
-70.61369637
-70.62304178
-70.64211346
-70.65020966
-70.65862888
-70.66735387
-70.67517779
-70.68304741
-70.69124391
-70.69874422
-70.69866581
-70.70670215
-70.71414448
-70.72201071
-70.72926313
-70.73714607
-70.74458287
-70.75242413
-70.76795784
-70.77608604
-70.7841409
-70.80077534
-70.80913405
-70.94552227
-70.9490988
-70.95252571
-71.08092138
-71.21080776
-71.16927409
-71.00010863
-70.74510317
-70.73852288
-70.73169488
-70.72496623
-70.71813436
-70.71115027
-70.70435306
-70.69746653
-70.69061432
-70.68365257
-70.67042101
-70.65749139
-70.64461971
-70.31174024
-70.29937446
-70.27260101
-70.25848893
-70.24433607
-70.23084592
-70.21701046
-70.20472865
-70.19336201
-70.18406252
-70.17748054
-70.17396975
-70.17461924
-70.17940511
-70.1877586
-70.58894533
-70.45919222
-70.45137558
-70.35240292
-69.62819047
-69.61178099
-69.59758328
-69.57352897
-69.56369086
-69.56305456
-69.55615891
-69.55036695
-69.54634814
-69.54698337
-69.54467296
-69.54367005
-69.54324983
-69.54458346
-69.54739404
-69.55168848
-69.55711918
-69.56372867
-69.57273169
-69.58333672
-69.59420897
-69.60576803
-69.62137489
-69.63450513
-69.65186096
-69.66930016
-69.68891321
-69.70949044
-69.73102256
-69.75434093
-69.77906604
-69.77884731
-69.802351
-69.85565635
-70.52049727
-70.7676825
-70.78906931
-70.78890947
-70.80834076
-70.81764468
-70.8263716
-70.84422646
-70.85294005
-70.86155837
-70.86979338
-70.87772367
-70.89487694
-70.90263632
-70.91025924
-70.91832937
-70.92645339
-70.93494917
-70.95153906
-70.96744914
-70.98499702
-70.99356006
-70.99347181
-71.00259101
-71.0209497
-71.03024908
-71.25528092
-71.26403266
-71.27224383
-71.27993434
-71.28743991
-71.2874758
-71.29409179
-71.30081597
-71.30661718
-71.30658453
-71.31249444
-71.31760293
-71.31762349
-71.32201113
-71.32650844
-71.32653785
-71.33017968
-71.33350897
-71.33686955
-71.33947442
-71.33930051
-71.34191038
-71.34378548
-71.34538707
-71.34650392
-71.34736857
-71.34721817
-71.34762473
-71.3477762
-71.34772057
-71.34725926
-71.34648835
-71.3434536
-71.34107415
-71.34123321
-71.33840006
-71.33524249
-70.86315264
-70.83390966
-70.83429744
-70.77374795
-70.77347259
-70.74130127
-70.70819965
-70.63605455
-70.59822908
-70.55772174
-70.51957468
-70.47783827
-70.43499769
-70.38932658
-70.38987332
-70.34586874
-70.3466732
-70.29757554
-70.25240927
-70.20119818
-70.15520425
-70.10442243
-70.05372194
-69.99997638
-69.94951028
-69.89587865
-69.84447062
-69.78928489
-69.73675987
-69.73775572
-69.63050493
-69.52685629
-69.47642825
-68.39563724
-68.35339024
-68.29005031
-68.26886103
-68.2660922
-68.24307636
-68.24582456
-68.24430255
-68.24901141
-68.25774508
-68.27608427
-68.29946621
-68.32467725
-68.32716712
-68.35753865
-68.39452612
-68.44039398
-68.48307503
-68.52739027
-68.58120837
-68.64339123
-68.69890608
-68.7588363
-68.82284199
-68.89268721
-68.96127723
-69.1104888
-69.17759603
-69.25267167
-69.32681643
-69.47008576
-69.47047802
-69.54375211
-69.88165927
-70.26490167
-70.19866954
-70.15344229
-70.10864631
-70.0651337
-70.02688034
-70.00528983
-69.99998313
-69.99105651
-69.99059517
-69.99978638
-70.02658525
-70.20574097
-70.24846254
-70.29550625
-70.34340007
-70.3906815
-70.43419818
-70.4746068
-70.51082085
-70.54480599
-71.08733351
-71.0949511
-71.10094372
-71.1045873
-71.10482794
-71.10428786
-71.10113476
-71.09959056
-71.09079117
-71.07802724
-71.00231276
-70.98587592
-70.96971665
-70.95401917
-70.93922345
-70.92521996
-70.912185
-70.89979905
-70.87020086
-70.64978011
-70.7676825
-70.38433675
-70.42483809
-70.44440101
-70.46982086
-70.4888906
-70.48876737
-70.50680715
-70.5247158
-70.54244408
-70.55990665
-70.57782593
-70.5948463
-70.60616093
-70.61774655
-70.629421
-70.64079535
-70.65873156
-70.67611276
-70.68803527
-70.70028742
-70.70036079
-70.71831257
-70.73723782
-70.75649134
-70.76936444
-70.86220894
-70.86574219
-70.86931058
-70.88193237
-70.97534238
-71.00569009
-71.30381166
-71.24332237
-71.22160537
-71.2119279
-71.2000023
-71.19441482
-71.19253955
-71.19161546
-71.19059077
-71.06412683
-71.06230325
-71.06311212
-71.06567393
-71.26344469
-71.28026605
-71.3014146
-71.31634238
-71.32966207
-71.32964416
-71.34222769
-71.3544037
-71.3544266
-71.36492897
-71.37188155
-71.3808318
-71.38929797
-71.39471003
-71.39998993
-71.40654815
-71.41015569
-71.41001187
-71.41172035
-71.4147475
-71.41687258
-71.41865324
-71.41959977
-71.42002511
-71.42003194
-71.41945115
-71.418856
-71.41711696
-71.41322138
-71.4071809
-71.02219171
-70.97906972
-70.9285918
-70.85163111
-70.81681999
-70.7577007
-70.69118549
-70.6398929
-70.55996024
-70.46591344
-70.35719285
-70.28392128
-70.19787648
-70.11085425
-70.01129574
-69.85845805
-69.74298854
-69.49868965
-69.37636481
-69.24283714
-69.11326922
-68.91080202
-68.7791444
-68.65000017
-66.47605236
-66.36047525
-66.27132014
-66.22623693
-66.22201205
-66.22476425
-66.23709269
-66.24323329
-66.28265583
-66.27668515
-66.3316389
-66.4041947
-66.49448043
-66.60912567
-66.73093637
-66.87700781
-67.02286419
-67.2078288
-67.36596255
-67.53319412
-67.69773246
-67.86635818
-68.00989098
-68.15697104
-68.29822217
-68.43155499
-68.55972546
-68.68299797
-68.68270408
-68.79147717
-68.89990429
-68.99996924
-69.18236165
-69.60905778
-69.62691757
-69.63533489
-69.63301387
-69.16344629
-69.14102713
-69.11303956
-69.09239897
-69.07879343
-69.07192517
-69.07251252
-69.07221202
-69.0713376
-69.07708525
-69.08468609
-69.09484077
-69.10625298
-69.12123518
-69.1387238
-69.1565194
-69.17259893
-69.19062946
-69.21060967
-69.2300245
-69.27253003
-69.29436427
-69.31652327
-69.33816101
-69.38483294
-69.407005
-69.4551353
-69.47945071
-69.50754883
-69.53399607
-69.56150049
-69.56128446
-69.61127917
-69.65982271
-69.68370833
-70.38433675
