-859.601628587441
-533.102299271473
-982.9920696836806
-1192.0529801324503
-859.601628587441
-533.102299271473
-982.9920696836806
-1192.0529801324503
-859.601628587441
-533.102299271473
-982.9920696836806
-1192.0529801324503
-859.601628587441
-533.102299271473
-982.9920696836806
-1192.0529801324503
-859.601628587441
-533.102299271473
-982.9920696836806
-1192.0529801324503
-859.601628587441
-533.102299271473
-982.9920696836806
-1192.0529801324503
-859.601628587441
-533.102299271473
-982.9920696836806
-1192.0529801324503
-859.601628587441
-533.102299271473
-982.9920696836806
-1192.0529801324503
-859.601628587441
-533.102299271473
-982.9920696836806
-1192.0529801324503
-859.601628587441
-533.102299271473
-982.9920696836806
-1192.0529801324503
-859.601628587441
-533.102299271473
-982.9920696836806
-1192.0529801324503
-859.601628587441
-533.102299271473
-982.9920696836806
-1192.0529801324503
-859.601628587441
-533.102299271473
-982.9920696836806
-1192.0529801324503
-859.601628587441
-533.102299271473
-982.9920696836806
-1192.0529801324503
-859.601628587441
-533.102299271473
-982.9920696836806
-1192.0529801324503
-859.601628587441
-533.102299271473
-982.9920696836806
-1192.0529801324503
-859.601628587441
-533.102299271473
-982.9920696836806
-1192.0529801324503
-859.601628587441
-533.102299271473
-982.9920696836806
-1192.0529801324503
-859.601628587441
-533.102299271473
-982.9920696836806
-1192.0529801324503
-859.601628587441
-533.102299271473
-982.9920696836806
-1192.0529801324503
-859.601628587441
-533.102299271473
-982.9920696836806
-1192.0529801324503
-859.601628587441
-533.102299271473
-982.9920696836806
-1192.0529801324503
-859.601628587441
-533.102299271473
-982.9920696836806
-1192.0529801324503
-859.601628587441
-533.102299271473
-982.9920696836806
-1192.0529801324503
-859.601628587441
-533.102299271473
-982.9920696836806
-1192.0529801324503
-859.601628587441
-533.102299271473
-982.9920696836806
-1192.0529801324503
-859.601628587441
-533.102299271473
-982.9920696836806
-1192.0529801324503
-859.601628587441
-533.102299271473
-982.9920696836806
-1192.0529801324503
-859.601628587441
-533.102299271473
-982.9920696836806
-1192.0529801324503
-859.601628587441
-533.102299271473
-982.9920696836806
-1192.0529801324503
-859.601628587441
-533.102299271473
-982.9920696836806
-1192.0529801324503
-859.601628587441
-533.102299271473
-982.9920696836806
-1192.0529801324503
-859.601628587441
-533.102299271473
-982.9920696836806
-1192.0529801324503
-859.601628587441
-533.102299271473
-982.9920696836806
-1192.0529801324503
-859.601628587441
-533.102299271473
-982.9920696836806
-1192.0529801324503
-859.601628587441
-533.102299271473
-982.9920696836806
-1192.0529801324503
-859.601628587441